126
190
199
205
211
213
214
231
284
430
432
549
586
588
654
703
705
722
757
798
820
822
915
931
938
939
1032
1051
1056
1116
1132
1133
1136
1147
1173
1227
1241
1242
1249
1271
1280
1289
1290
1366
1389
1397
1407
1455
1462
1465
1479
1483
1485
1507
1514
1522
1524
1630
1639
1641
1731
1747
1758
1836
1840
1863
1865
1869
1873
1875
1931
1933
1990
1992
2067
2107
2111
2112
2216
2223
2224
2260
2292
2358
2359
2363
2365
2372
2375
2376
2473
2475
2478
2480
2504
2538
2566
2567
2580
2586
2590
2591
2608
2622
2627
2654
2673
2676
2696
2727
2744
2770
2771
2838
2850
2861
2888
2897
2929
2946
2963
2978
3023
3047
3048
3095
3119
3164
3170
3175
3204
3206
3212
3271
3282
3292
3296
3323
3329
3354
3388
3396
3439
3440
3525
3527
3528
3530
3531
3590
3595
3636
3649
3738
3841
3855
3939
3958
3972
3992
4075
4089
4192
4206
4234
4309
4320
4323
4349
4350
4351
4355
4402
4426
4437
4440
4461
4465
4466
4467
4468
4469
4542
4543
4557
4577
4582
4583
4584
4626
4658
4659
4660
4747
4791
4793
4794
4806
4910
5028
5062
5145
5208
5209
5258
5263
5320
5375
5456
5493
5507
5536
5587
5661
5687
5689
5766
5778
5804
5886
5902
5931
6121
6165
6588
6634
6690
6714
6715
6834
6835
6952
6953
7001
7406
7581
7584
8405
